jails: 
  exploiters: 
    world: world
    x: -222.56527182704946
    y: 82.92333288708765
    z: 94.97364332765743
    yaw: 121.80533
    pitch: 29.099669
