lastAccountName: Crazybaka833
timestamps:
  login: 1628926254449
  logout: 1628926743564
ipAddress: 8.21.11.147
lastlocation:
  world: world
  x: -136.5
  y: 64.0
  z: 105.5
  yaw: 5.2082167
  pitch: 0.0
logoutlocation:
  world: world
  x: -46.275161476444126
  y: 67.0
  z: -11.672842747023353
  yaw: 153.30566
  pitch: 29.099451
