lastAccountName: Proxtious
timestamps:
  login: 1628865585443
  logout: 1628867827344
ipAddress: 87.122.222.64
lastlocation:
  world: world
  x: -120.6894457976938
  y: 69.0
  z: 113.45686208334232
  yaw: 77.29074
  pitch: -18.065962
logoutlocation:
  world: world
  x: 3009.766459030037
  y: 62.9375
  z: -2150.5685490154187
  yaw: -46.214966
  pitch: 24.45028
