lastAccountName: FallJungle
timestamps:
  login: 1630125853648
  logout: 1630127208530
  lastteleport: 1630126903632
ipAddress: 108.31.61.29
lastlocation:
  world: tmssmp
  x: 144.0
  y: 84.0
  z: -32.0
  yaw: -69.75001
  pitch: 35.550003
logoutlocation:
  world: tmssmp
  x: -723120.2154440143
  y: 73.0
  z: -539924.3031387224
  yaw: 76.94999
  pitch: 30.299982
