lastAccountName: KEA12
timestamps:
  login: 1628864366540
  logout: 1628867444992
ipAddress: 37.4.228.40
lastlocation:
  world: world
  x: -126.41201933875709
  y: 69.0
  z: 114.5967706467217
  yaw: 45.239105
  pitch: -6.075623
logoutlocation:
  world: world
  x: -75.86287740005552
  y: 69.0
  z: -6.517949539308253
  yaw: -104.99971
  pitch: 29.999907
