lastAccountName: TheWanderingJaz
timestamps:
  login: 1628924241907
  logout: 1628924287155
ipAddress: 222.155.55.185
lastlocation:
  world: world
  x: -127.5
  y: 64.0
  z: 91.5
  yaw: 2.9668584
  pitch: 0.0
logoutlocation:
  world: world
  x: -127.5
  y: 65.0
  z: 96.5
  yaw: 8.250001
  pitch: -4.650001
