lastAccountName: Letseaneleven
timestamps:
  login: 1629434321416
  logout: 1629437401520
  lastteleport: 1629437370074
ipAddress: 2.51.69.91
lastlocation:
  world: world
  x: 276.30000001192093
  y: 14.0
  z: -6.300000011920929
  yaw: -115.13574
  pitch: 8.549489
logoutlocation:
  world: world
  x: 381.5
  y: 77.0
  z: -47.5
  yaw: -40.45003
  pitch: 26.999975
nickname: Sekenan
