lastAccountName: DinozsX
timestamps:
  login: 1630155809572
  logout: 1630156098528
  lastteleport: 1630151725214
ipAddress: 81.196.54.237
lastlocation:
  world: tmssmp_the_end
  x: 2038.0828360309717
  y: 115.5
  z: -1187.699999988079
  yaw: -179.7345
  pitch: -0.6001133
logoutlocation:
  world: tmssmp
  x: -1622.8107552476513
  y: 64.0
  z: -2050.004409513666
  yaw: 140.97945
  pitch: 23.505007
nickname: Bonnie
