lastAccountName: CocknBallTorture
timestamps:
  login: 1628794844838
  logout: 1628794868381
ipAddress: 87.123.60.106
lastlocation:
  world: world
  x: -120.5
  y: 69.0
  z: 106.5
  yaw: 4.314645
  pitch: 0.0
logoutlocation:
  world: world
  x: -124.61942924033521
  y: 66.0
  z: 93.0434591467863
  yaw: -5.7008853
  pitch: 23.100159
