lastAccountName: M1ster0kay
timestamps:
  login: 1630151377423
  logout: 1630152344776
  lastteleport: 1630152330630
ipAddress: 79.112.8.196
lastlocation:
  world: tmssmp
  x: 574.9182184554277
  y: 70.0
  z: 1383.873247145992
  yaw: -152.21507
  pitch: 8.250033
logoutlocation:
  world: tmssmp
  x: 796.1423480917903
  y: 80.875
  z: -31.730866841666504
  yaw: 90.200066
  pitch: 33.00002
nickname: M1ster0kay
