lastAccountName: Danker_Things
timestamps:
  login: 1629613413822
  logout: 1629615553617
ipAddress: 173.227.45.196
lastlocation:
  world: world
  x: -125.5
  y: 65.0
  z: 93.5
  yaw: 3.0997584
  pitch: 0.0
logoutlocation:
  world: world
  x: 2870.1529240178043
  y: 69.0
  z: -2282.0249913933735
  yaw: -52.942383
  pitch: 28.499992
