lastAccountName: TMS Captain
timestamps:
  login: 1628795251334
  logout: 1628795276302
ipAddress: 87.123.60.106
lastlocation:
  world: world
  x: -128.5
  y: 68.0
  z: 105.5
  yaw: 0.71859723
  pitch: 0.0
logoutlocation:
  world: world
  x: -124.03293768810813
  y: 69.0
  z: 110.97219427977771
  yaw: -160.49887
  pitch: 9.599991
