lastAccountName: xProMinty
timestamps:
  login: 1629149896556
  logout: 1629152629712
  lastteleport: 1628964061356
ipAddress: 86.186.166.198
lastlocation:
  world: world
  x: -215.04305014738082
  y: 77.0
  z: -11.939602296311337
  yaw: 107.165375
  pitch: 19.05
logoutlocation:
  world: world
  x: -218.0605116462482
  y: 82.0
  z: -14.85296782097122
  yaw: -44.100098
  pitch: 33.44997
nickname: Kam10
