lastAccountName: Mxgnus57
timestamps:
  login: 1629039842939
  logout: 1629039958850
ipAddress: 83.112.20.134
lastlocation:
  world: world
  x: -126.5
  y: 65.0
  z: 93.5
  yaw: 5.001647
  pitch: 0.0
logoutlocation:
  world: world
  x: -131.53980722196016
  y: 64.0
  z: 98.32222173060273
  yaw: 154.95103
  pitch: -23.699963
