lastAccountName: HyP3r_Recker
timestamps:
  login: 1629408688375
  logout: 1629416587112
  lastteleport: 1629416506163
ipAddress: 73.55.50.4
lastlocation:
  world: world_the_end
  x: 271.7306519749855
  y: -33.61359119865602
  z: 2.104770790932744
  yaw: -148.60309
  pitch: 41.28997
logoutlocation:
  world: world
  x: 13786.5
  y: 1.0
  z: 3859.5
  yaw: 166.23729
  pitch: 0.14720088
