lastAccountName: bloxygabe
timestamps:
  login: 1630151853359
  logout: 1630152208681
  lastteleport: 1629881829131
ipAddress: 14.192.0.106
logoutlocation:
  world: tmssmp
  x: 162.26326055851072
  y: 67.0
  z: -348.2526000782152
  yaw: 174.8991
  pitch: 31.799858
lastlocation:
  world: tmssmp
  x: 140.5
  y: 87.0
  z: -40.5
  yaw: 1.7463123
  pitch: 0.0
