lastAccountName: Cofnij
timestamps:
  login: 1630072680735
  logout: 1630072596680
  lastteleport: 1630073856074
ipAddress: 188.147.104.170
lastlocation:
  world: tmssmpnew
  x: 1.3818614519421525E7
  y: 64.0
  z: -1.4785239369032906E7
  yaw: 50.33826
  pitch: 24.604763
logoutlocation:
  world: world_nether
  x: 1720.5614946832602
  y: 34.0
  z: 487.54174949679657
  yaw: 162.55194
  pitch: 17.549866
