lastlocation:
  world: world
  x: -792.061361036434
  y: 68.0
  z: 100.28753319078776
  yaw: 112.98157
  pitch: 23.006605
lastAccountName: Waeffles
timestamps:
  login: 1628913850272
  logout: 1628915071049
ipAddress: 76.183.118.222
logoutlocation:
  world: world
  x: -642.7386911743429
  y: 74.17675927506424
  z: 83.21830373441894
  yaw: -176.48022
  pitch: 33.01661
