lastAccountName: lokogamingplays
timestamps:
  login: 1629202852145
  logout: 1629202943891
  lastteleport: 1629202923020
ipAddress: 188.147.102.55
lastlocation:
  world: world
  x: 5400.280748580793
  y: 11.0
  z: -1327.1942285767514
  yaw: -145.74966
  pitch: 22.05004
logoutlocation:
  world: world
  x: -127.49404170944011
  y: 68.0
  z: 103.68482974331118
  yaw: -7.650003
  pitch: -7.199975
