lastAccountName: DBrthrD
timestamps:
  login: 1630158074802
  logout: 1630158440162
  lastteleport: 1630158330427
ipAddress: 109.126.5.105
lastlocation:
  world: tmssmp
  x: 20.906701641438957
  y: 67.0
  z: -2219.788376056605
  yaw: 169.84932
  pitch: 41.249893
logoutlocation:
  world: tmssmp
  x: 80.54781668338838
  y: 68.0
  z: -2220.0073776338895
  yaw: -6.1001534
  pitch: 9.000142
nickname: BruhInRoblox
