lastlocation:
  world: world_the_end
  x: 271.0224279632995
  y: 1.0
  z: -0.6011001846038755
  yaw: 57.599968
  pitch: 50.699852
lastAccountName: SmilyDavid05
timestamps:
  login: 1630013897617
  logout: 1630013931598
  lastteleport: 1629761267478
ipAddress: 73.21.54.255
logoutlocation:
  world: world
  x: 13815.181911408885
  y: 21.5
  z: 3858.536611280282
  yaw: -89.19867
  pitch: -36.749756
