lastAccountName: Ultimate_992
timestamps:
  login: 1630122943563
  logout: 1630123031181
  lastteleport: 1630122993085
ipAddress: 201.152.25.99
lastlocation:
  world: tmssmp
  x: 126.02150413775144
  y: 81.0
  z: -56.990584843306415
  yaw: -157.79987
  pitch: 29.100008
logoutlocation:
  world: tmssmp
  x: -723120.6999999881
  y: 69.0
  z: -539930.3170057478
  yaw: 14.050171
  pitch: 2.3999846
