lastAccountName: Tirzo
timestamps:
  login: 1629157594015
  logout: 1629157714334
  lastteleport: 1629066967505
ipAddress: 98.208.212.60
lastlocation:
  world: world
  x: 5845.5578390320625
  y: 15.0
  z: -1437.699999988079
  yaw: 161.18822
  pitch: 47.44102
logoutlocation:
  world: world
  x: 5417.865881955432
  y: 65.0
  z: -1382.190911482417
  yaw: -116.18553
  pitch: 11.0262165
