lastAccountName: crazybaka833
timestamps:
  login: 1630154154310
  logout: 1630154241130
  lastteleport: 1630154230709
ipAddress: 8.21.11.147
lastlocation:
  world: tmssmp
  x: 144.0
  y: 81.0
  z: -27.32969680715361
  yaw: 0.0
  pitch: 0.0
logoutlocation:
  world: tmssmp
  x: 587.5
  y: 29.0
  z: 1385.5
  yaw: 40.833035
  pitch: -7.162179
