lastAccountName: Intr0spective
timestamps:
  login: 1629157808616
  logout: 1629157841871
  lastteleport: 1629157389856
ipAddress: 174.57.219.241
lastlocation:
  world: world
  x: -129.6523125588259
  y: 67.0
  z: 130.57663549941668
  yaw: 98.98395
  pitch: 33.261013
logoutlocation:
  world: world
  x: 5387.696462127443
  y: 26.0
  z: -1352.1245141389968
  yaw: 120.97114
  pitch: 11.686231
