lastlocation:
  world: world
  x: -123.5
  y: 69.0
  z: 104.5
  yaw: 3.5655708
  pitch: 0.0
lastAccountName: TMS_Captain
timestamps:
  login: 1628794915662
  logout: 1628794932416
ipAddress: 87.123.60.106
logoutlocation:
  world: world
  x: -121.51527840663832
  y: 68.0
  z: 98.0600342001927
  yaw: 139.50029
  pitch: 39.600033
