lastAccountName: Coop2168
timestamps:
  login: 1629904153172
  logout: 1629905350095
  lastteleport: 1629153589052
ipAddress: 98.159.25.27
lastlocation:
  world: world
  x: -311.9580859700453
  y: 64.0
  z: -50.17813134250805
  yaw: -166.49658
  pitch: 1.7558842
logoutlocation:
  world: world
  x: -2198.699999988079
  y: 72.0
  z: -496.44978005061114
  yaw: 88.393555
  pitch: 18.417385
